Channel: 108
Moving Robot : robot_rx
     position: P1
static robot : robot_tx
    position: 
      x: -2.48014688492
      y: -0.0483481697738
      z: 0.97895771265
    orientation: 
      x: 0.0168978497386
      y: -0.006858184468
      z: 0.453646808863
      w: -0.890995025635

