TX1 position
    position: 
      x: 0.0111060673371
      y: 2.50165629387
      z: 0.328472673893
    orientation: 
      x: -0.0309105105698
      y: 0.0330893993378
      z: -0.652596354485
      w: 0.756351530552
  - 

TX3 position:
    position: 
      x: 1.93823802471
      y: -2.29699826241
      z: 0.25065729022
    orientation: 
      x: -0.0118096582592
      y: -0.00323813711293
      z: 0.781173825264
      w: -0.624193549156

